100 4950
64 90
60 83
72 99
8 19
93 84
33 70
45 17
57 79
58 13
67 33
96 10
59 19
10 12
81 9
72 52
19 56
8 9
57 13
48 41
11 29
91 19
59 9
32 29
55 73
28 41
48 7
11 5
91 9
56 23
9 29
80 63
21 41
43 7
74 29
32 5
55 26
73 1
34 69
50 61
24 20
56 38
17 29
9 5
5 83
92 0
75 61
74 5
65 98
51 46
14 20
93 85
68 69
73 53
34 70
89 61
50 10
94 20
24 12
17 5
92 61
75 10
47 16
64 36
99 86
60 1
86 53
79 98
65 46
71 20
14 12
93 28
3 71
1 45
77 68
84 16
94 12
31 22
76 66
96 77
49 48
61 46
45 16
57 54
64 86
60 53
79 46
71 12
18 45
1 21
85 68
2 16
77 40
31 66
96 48
49 14
36 47
22 45
27 95
26 23
33 66
18 21
85 40
42 47
11 25
52 95
41 0
55 47
36 43
22 21
27 0
26 38
44 47
42 43
80 82
52 0
55 43
13 30
92 96
63 6
53 82
74 25
44 43
80 54
66 84
94 31
24 44
29 2
0 82
3 30
13 4
92 91
75 77
73 88
6 43
63 82
53 54
98 84
76 83
25 59
97 35
64 7
99 84
60 87
86 88
94 44
24 68
29 15
0 54
93 30
3 4
39 83
67 76
23 84
31 83
49 62
25 89
64 84
60 88
72 79
8 33
93 4
33 83
18 10
45 58
57 59
58 89
67 42
96 62
59 33
81 6
22 10
72 13
8 6
28 65
48 78
11 39
91 33
59 6
32 39
55 94
28 78
48 30
11 87
56 41
9 39
5 87
75 51
80 49
21 78
74 39
32 87
51 61
73 72
68 29
34 5
89 51
50 37
24 90
56 7
17 39
9 87
92 51
75 37
74 87
65 61
51 10
14 90
93 64
25 70
73 17
68 5
34 83
89 37
50 62
63 49
94 90
31 1
76 53
49 99
92 37
45 20
47 12
64 28
99 71
58 70
60 72
86 17
79 61
65 10
71 90
93 24
1 48
2 20
77 19
84 12
31 53
76 65
96 99
49 52
61 10
45 12
57 70
64 71
60 17
27 68
79 10
26 66
18 48
1 14
85 19
77 9
2 12
11 55
96 52
52 68
36 23
22 48
27 40
26 41
18 14
85 9
42 23
80 34
11 60
52 40
41 51
55 23
36 38
22 14
53 34
44 23
42 38
80 69
55 38
13 98
92 8
63 34
53 69
74 60
44 38
97 82
99 30
66 4
86 15
94 36
24 86
29 43
0 69
54 70
93 50
3 98
13 46
92 75
73 16
6 38
63 69
23 30
98 4
76 88
25 22
97 54
64 30
99 4
60 15
86 16
94 86
93 98
3 46
39 88
67 45
23 4
31 88
96 35
25 66
64 4
60 16
95 62
72 59
19 89
8 42
33 88
18 62
57 22
58 66
67 21
48 81
15 83
35 62
91 76
59 42
81 34
22 62
72 89
8 34
28 81
48 50
11 2
91 42
59 34
80 74
21 81
74 56
32 2
55 93
28 50
34 39
50 97
11 15
56 78
7 30
17 56
9 2
5 15
75 97
80 57
21 50
74 2
32 15
51 37
73 32
68 39
34 87
89 97
50 35
94 7
24 84
56 30
17 2
9 15
92 97
75 35
47 90
60 26
79 51
65 37
51 62
71 7
14 84
93 27
25 83
68 87
73 58
89 35
94 84
31 72
76 17
49 79
61 37
92 35
45 90
64 24
58 83
99 76
60 32
86 58
67 10
79 37
65 62
71 84
93 3
18 99
1 52
85 71
77 33
2 90
72 70
31 17
96 79
49 13
61 62
57 83
27 19
26 65
40 70
18 52
1 56
85 33
77 6
11 73
96 13
52 19
55 66
36 41
22 52
95 56
27 9
26 78
44 66
42 41
80 29
11 26
52 9
55 41
36 7
53 29
44 41
42 7
80 5
3 0
13 61
92 18
75 63
73 20
6 41
63 29
53 5
25 1
97 69
99 98
66 46
86 20
94 28
24 71
29 38
0 5
93 0
3 61
13 10
92 63
73 12
63 5
23 98
98 46
31 15
76 16
25 53
97 70
64 98
99 46
60 20
86 12
94 71
8 45
93 61
33 15
39 16
57 1
67 48
23 46
31 16
96 54
59 45
64 46
60 12
72 22
19 66
4 46
8 21
33 16
57 53
67 14
15 88
48 95
11 47
91 45
59 21
81 29
72 66
32 47
28 95
48 0
11 43
91 21
80 25
21 95
74 47
32 43
55 85
73 31
28 0
34 2
50 82
24 30
56 50
7 98
17 47
9 43
5 20
92 6
75 82
21 0
74 43
65 97
51 35
14 30
68 2
73 44
34 15
89 82
50 54
94 30
24 4
17 43
92 82
75 54
47 84
64 27
60 31
79 97
65 35
71 30
14 4
93 91
3 77
25 88
1 79
68 15
77 76
89 54
94 4
19 83
31 32
76 58
96 49
49 59
61 35
45 84
64 3
57 87
58 88
60 44
67 62
79 35
71 4
69 83
18 79
1 13
85 76
77 42
2 84
72 83
31 58
96 59
49 89
57 88
27 33
40 83
26 81
91 10
18 13
85 42
42 65
11 94
52 33
55 65
36 78
22 13
27 6
26 50
44 65
42 78
80 39
11 31
52 6
55 78
63 14
53 39
44 78
80 87
66 61
94 64
3 51
13 37
92 80
75 49
73 90
6 78
63 39
53 87
98 61
25 72
97 5
64 0
99 61
66 10
86 90
94 24
29 7
24 76
0 87
93 51
3 37
92 49
67 99
23 61
98 10
31 20
76 12
49 70
25 17
64 61
99 10
60 90
8 48
93 37
33 20
39 12
57 72
67 52
23 10
31 12
96 70
59 48
81 14
22 54
72 53
19 65
8 14
4 10
33 12
57 17
28 68
15 16
48 40
11 23
91 48
59 14
32 23
28 40
48 51
11 38
91 14
9 23
75 34
80 60
21 40
74 23
32 38
51 82
68 47
73 36
34 43
89 34
50 69
24 98
56 0
17 23
9 38
92 34
75 69
74 38
65 82
51 54
14 98
25 15
68 43
73 86
34 20
89 69
50 70
94 98
24 46
49 57
17 38
92 69
45 30
47 4
64 91
58 15
60 36
79 82
65 54
71 98
14 46
93 75
25 16
1 59
2 30
77 45
84 4
94 46
19 88
31 44
8 62
76 68
96 57
49 22
61 54
45 4
57 15
64 77
58 16
60 86
79 54
71 46
69 88
59 62
18 59
1 89
85 45
77 21
2 4
72 88
96 22
36 81
57 16
78 62
27 42
26 95
40 88
91 62
18 89
85 21
42 81
11 93
52 42
41 34
55 81
36 50
22 89
44 81
42 50
80 2
55 50
13 97
63 56
53 2
44 50
80 15
66 37
94 27
24 3
0 2
3 97
13 35
92 74
75 57
73 84
6 50
63 2
23 51
98 37
76 90
25 32
97 87
64 51
99 37
66 62
60 7
86 84
94 3
93 97
3 35
39 90
67 79
23 37
98 62
31 90
49 83
25 58
64 37
60 84
8 52
33 90
18 70
57 32
85 10
67 13
48 19
15 20
96 83
91 99
59 52
81 56
22 70
72 17
8 56
28 19
15 12
48 9
11 41
91 52
59 56
74 66
32 41
28 9
11 7
56 40
17 66
9 41
75 29
80 26
21 9
74 41
32 7
51 69
68 23
73 28
34 38
89 29
50 5
94 0
24 61
56 51
17 41
9 7
92 29
75 5
47 98
79 34
65 69
51 70
71 0
14 61
25 20
73 71
68 38
89 5
94 61
24 10
31 36
49 1
92 5
45 98
47 46
64 75
58 20
60 28
86 71
67 54
79 69
65 70
71 61
14 10
93 63
25 12
18 57
1 22
2 98
77 48
84 46
72 15
19 16
31 86
96 1
49 53
61 70
45 46
57 20
58 12
27 45
40 15
26 68
69 16
18 22
1 66
85 48
2 46
77 14
72 16
96 53
36 95
57 12
27 21
26 40
40 16
42 95
80 47
11 85
52 21
55 95
36 0
53 47
44 95
42 0
80 43
13 82
92 11
73 30
63 47
53 43
25 31
99 97
66 35
86 30
94 91
29 50
24 77
0 43
93 6
3 82
13 54
92 25
73 4
63 43
23 97
98 35
76 84
25 44
97 15
64 97
99 35
60 30
86 4
94 77
8 79
93 82
3 54
39 84
1 83
77 62
67 59
23 35
31 84
96 87
49 88
64 35
60 4
95 83
72 32
8 13
33 84
18 83
57 44
85 62
67 89
48 33
15 90
11 65
35 83
96 88
91 79
59 13
81 47
10 62
22 83
72 58
32 65
28 33
48 6
11 78
91 13
74 65
32 78
55 96
28 6
50 39
24 51
56 9
17 65
9 78
92 14
75 39
21 6
74 78
65 29
51 5
14 51
73 24
68 41
34 7
89 39
50 87
94 51
24 37
17 78
92 39
75 87
47 61
79 29
65 5
51 83
71 51
14 37
93 80
25 90
73 76
68 7
89 87
94 37
19 20
31 28
49 72
45 61
47 10
64 63
57 38
58 90
60 24
67 70
79 5
71 37
69 20
16 12
18 1
1 53
85 99
77 52
2 61
84 10
72 20
19 12
31 71
96 72
49 17
45 10
57 90
27 48
40 20
26 19
69 12
91 54
18 53
1 65
85 52
77 56
2 10
72 12
55 68
36 40
22 53
27 14
26 9
40 12
44 68
42 40
80 23
11 64
52 14
55 40
36 51
53 23
44 40
42 51
80 38
66 82
3 34
13 69
92 55
73 98
63 23
53 38
25 36
99 82
66 54
86 98
94 75
24 99
29 0
0 38
93 34
3 69
13 70
92 60
73 46
67 57
63 38
23 82
98 54
31 30
76 4
49 15
25 86
64 82
99 54
60 98
86 46
82 88
8 59
93 69
33 30
39 4
1 88
67 22
23 54
31 4
96 15
49 16
64 54
60 46
95 88
72 44
27 62
8 89
33 4
18 88
57 86
28 76
15 84
48 42
35 88
11 81
96 16
52 62
91 59
59 89
22 88
32 81
38 62
28 42
48 34
11 50
91 89
75 56
74 81
32 50
73 27
68 65
34 78
89 56
50 2
24 97
56 6
17 81
9 50
92 56
75 2
74 50
65 39
51 87
14 97
68 78
73 3
34 30
89 2
50 15
94 97
24 35
17 50
92 2
45 51
47 37
58 7
79 39
65 87
71 97
14 35
93 74
25 84
1 72
77 79
2 51
94 35
19 90
31 24
96 26
49 32
45 37
47 62
57 7
64 49
58 84
60 3
67 83
79 87
71 35
69 90
59 70
18 72
1 17
85 79
2 37
77 13
84 62
72 90
96 32
49 58
36 19
57 84
78 70
27 52
26 33
40 90
91 70
18 17
85 13
11 67
55 19
36 9
22 17
27 56
26 6
44 19
42 9
80 41
52 56
55 9
13 29
63 66
53 41
44 9
80 7
66 69
94 18
3 29
13 5
92 73
73 61
63 41
53 7
76 98
25 28
97 38
64 34
99 69
66 70
60 0
86 61
94 63
0 7
93 29
3 5
39 98
73 10
67 1
23 69
98 70
31 98
76 46
49 20
25 71
64 69
99 70
60 61
86 10
82 16
8 22
93 5
33 98
39 46
18 15
1 16
85 54
67 53
23 70
31 46
96 20
49 12
91 57
59 22
22 15
95 16
72 86
8 66
33 46
70 88
18 16
28 45
48 21
15 4
35 16
11 95
96 12
91 22
59 66
22 16
74 58
32 95
28 21
11 0
17 58
75 47
80 85
74 95
32 0
68 81
73 91
34 50
89 47
50 43
94 6
24 82
56 34
17 95
9 0
92 47
75 43
47 97
79 56
65 2
51 15
71 6
14 82
25 30
68 50
73 77
89 43
94 82
24 54
92 43
45 97
47 35
58 30
60 91
79 2
65 15
71 82
14 54
93 25
25 4
1 32
2 97
77 59
72 7
19 84
31 3
8 83
76 45
96 31
49 44
61 15
45 35
57 30
58 4
37 83
60 77
67 88
27 79
26 76
40 7
69 84
59 83
18 32
1 58
85 59
2 35
77 89
72 84
96 44
36 33
57 4
78 83
27 13
40 84
26 42
91 83
18 58
85 89
80 65
11 96
21 10
52 13
55 33
36 6
53 65
44 33
42 6
80 78
55 6
13 39
73 51
63 65
53 78
44 6
99 29
66 5
86 51
94 80
93 14
3 39
13 87
92 94
73 37
63 78
23 29
76 61
25 24
97 7
64 29
99 5
66 83
60 51
86 37
94 49
8 1
93 39
3 87
39 61
1 20
77 70
67 72
23 5
98 83
31 61
76 10
96 38
49 90
64 5
60 37
95 20
82 12
8 53
33 61
39 10
18 20
1 12
57 24
85 70
67 17
31 10
96 90
91 1
59 53
22 20
95 12
72 71
32 68
33 10
70 16
18 12
28 48
48 14
15 46
35 12
11 40
91 53
22 12
74 68
32 40
28 14
17 68
92 89
75 23
80 64
21 14
74 40
65 47
51 43
68 95
73 75
34 0
89 23
50 38
94 34
24 69
17 40
92 23
75 38
47 82
79 47
65 43
51 20
71 34
14 69
25 98
68 0
73 99
89 38
94 69
24 70
45 82
47 54
64 25
57 50
58 98
60 75
67 15
79 43
71 69
69 30
93 60
25 46
81 88
18 31
1 44
85 57
77 22
2 82
72 30
19 4
31 77
8 88
96 36
49 86
45 54
57 98
58 46
37 88
67 16
27 59
40 30
26 45
69 4
59 88
18 44
1 68
85 22
77 66
2 54
72 4
96 86
55 76
36 42
78 88
28 62
27 89
40 4
26 21
91 88
44 76
80 81
11 8
21 62
52 89
55 42
36 34
53 81
44 42
42 34
80 50
66 39
3 56
13 2
73 97
63 81
53 50
25 27
99 39
66 87
86 97
94 74
93 56
3 2
13 15
92 93
73 35
63 50
23 39
98 87
31 51
76 37
49 7
25 3
97 30
64 39
99 87
60 97
86 35
82 90
8 72
93 2
33 51
39 37
1 90
77 83
67 32
23 87
31 37
76 62
96 7
49 84
64 87
60 35
95 90
27 70
26 10
8 17
33 37
39 62
18 90
57 3
85 83
28 99
48 52
11 19
35 90
96 84
52 70
91 72
59 17
22 90
32 19
70 12
38 70
28 52
15 10
48 56
11 9
91 17
74 19
32 9
73 18
89 66
24 29
17 19
92 66
75 41
74 9
65 23
51 38
14 29
73 63
68 40
34 51
89 41
50 7
94 29
24 5
17 9
92 41
47 69
79 23
65 38
71 29
14 5
25 61
94 5
19 98
96 85
49 28
45 69
47 70
57 0
64 60
58 61
60 63
67 20
79 38
71 5
69 98
25 10
81 16
18 36
1 86
85 1
77 53
2 69
84 70
72 98
19 46
31 99
8 16
96 28
49 71
36 45
57 61
58 10
37 16
67 12
27 22
26 48
40 98
69 46
91 15
59 16
18 86
85 53
72 46
55 45
36 21
78 16
27 66
40 46
26 14
91 16
44 45
42 21
80 95
52 66
55 21
13 47
63 58
53 95
44 21
80 0
66 2
3 47
13 43
73 82
63 95
53 0
76 97
25 91
64 56
99 2
66 15
60 6
86 82
94 25
93 47
3 43
39 97
73 54
67 31
23 2
98 15
31 97
76 35
49 30
25 77
64 2
99 15
60 82
86 54
82 84
8 32
93 43
33 97
39 35
18 7
1 84
85 87
77 88
67 44
23 15
31 35
96 30
49 4
41 83
91 26
22 7
95 84
27 83
26 62
8 58
33 35
18 84
85 88
28 79
48 13
15 37
11 33
35 84
96 4
52 83
91 32
59 58
55 10
22 84
32 33
38 83
44 10
28 13
15 62
11 6
75 65
6 10
74 33
32 6
68 19
73 80
89 65
24 39
17 33
9 6
92 65
75 78
65 41
51 7
14 39
25 51
73 49
68 9
89 78
50 30
94 39
24 87
92 78
45 29
47 5
58 51
79 41
65 7
71 39
14 87
25 37
94 87
19 61
31 63
8 20
96 64
49 24
45 5
47 83
57 51
64 26
58 37
60 49
67 90
27 1
26 99
69 61
59 20
81 12
18 28
1 71
85 72
77 17
2 5
72 61
19 10
8 12
96 24
36 48
57 37
78 20
37 12
27 53
26 52
40 61
69 10
91 20
59 12
18 71
85 17
80 68
72 10
55 48
36 14
78 12
53 68
91 12
44 48
42 14
80 40
55 14
13 23
73 34
63 68
53 40
44 14
99 47
66 43
86 34
93 89
3 23
13 38
73 69
63 40
76 82
25 75
64 47
99 43
66 20
60 34
86 69
94 60
93 23
3 38
39 82
1 30
77 15
67 36
23 43
98 20
31 82
76 54
96 50
49 98
25 99
64 43
60 69
95 30
82 4
8 44
33 82
39 54
18 30
1 4
85 15
77 16
67 86
31 54
96 98
49 46
41 88
91 31
22 30
95 4
72 77
27 88
8 68
33 54
18 4
46 88
85 16
42 62
28 59
48 89
15 35
35 4
11 42
52 88
91 44
55 62
22 4
30 83
87 62
74 76
32 42
38 88
44 62
28 89
11 34
75 81
6 62
74 42
32 34
73 74
68 33
89 81
94 56
24 2
17 42
92 81
75 50
47 39
79 65
65 78
51 30
71 56
14 2
25 97
68 6
73 57
89 50
94 2
24 15
92 50
45 39
47 87
58 97
67 7
79 78
65 30
71 2
14 15
25 35
81 90
18 64
85 26
77 32
72 51
19 37
31 49
8 90
96 27
49 3
45 87
57 97
58 35
37 90
67 84
27 72
40 51
26 79
69 37
16 62
59 90
18 24
1 76
85 32
77 58
2 87
72 37
19 62
96 3
55 99
36 52
57 35
78 90
28 70
27 17
26 13
40 37
69 62
91 90
80 19
21 70
55 52
36 56
53 19
44 52
42 56
80 9
66 23
3 66
13 41
73 29
63 19
53 9
99 23
66 38
86 29
93 66
3 41
13 7
92 67
73 5
63 9
31 34
76 69
49 0
25 63
64 23
99 38
60 29
86 5
82 98
8 36
93 41
33 34
39 69
1 98
77 20
67 28
23 38
31 69
76 70
96 0
49 61
64 38
60 5
95 98
82 46
27 15
8 86
33 69
39 70
18 98
1 46
85 20
77 12
67 71
11 45
96 61
52 15
41 16
91 36
22 98
95 46
27 16
32 45
70 4
38 15
18 46
46 16
85 12
28 22
15 54
48 66
35 46
11 21
52 16
91 86
22 46
30 88
74 45
32 21
38 16
28 66
29 62
24 47
92 58
75 95
74 21
65 81
14 47
73 25
68 42
89 95
50 0
94 47
24 43
17 21
92 95
75 0
47 2
79 81
65 50
51 98
71 47
14 43
25 82
68 34
89 0
94 43
19 97
45 2
47 15
57 6
58 82
67 30
79 50
71 43
25 54
81 84
18 27
1 3
85 31
77 44
72 97
19 35
31 57
8 84
96 91
49 77
36 79
45 15
57 82
58 54
37 84
67 4
48 83
27 32
26 59
40 97
69 35
91 7
59 84
18 3
85 44
2 15
72 35
43 83
55 79
36 13
78 84
28 83
27 58
26 89
40 35
91 84
44 79
80 33
21 83
74 10
55 13
13 65
63 71
53 33
17 10
44 13
80 6
66 41
3 65
13 78
73 39
63 33
53 6
64 66
99 41
66 7
60 14
86 39
93 65
3 78
73 87
67 64
23 41
31 29
76 5
49 51
25 49
64 41
99 7
60 39
86 87
82 61
8 28
93 78
33 29
39 5
18 0
1 61
77 90
67 24
23 7
31 5
96 51
49 37
22 0
95 61
82 10
27 20
26 70
8 71
33 5
18 61
1 10
85 90
28 1
11 48
96 37
52 20
41 12
91 28
59 71
22 61
95 10
27 12
32 48
70 46
38 20
46 12
28 53
15 70
48 65
35 10
11 14
52 12
91 71
75 68
30 16
6 54
74 48
32 14
38 12
24 23
17 48
92 68
75 40
74 14
65 95
14 23
25 34
68 21
73 60
34 29
89 40
50 51
94 23
24 38
17 14
92 40
45 47
47 43
58 34
79 95
65 0
71 23
14 38
25 69
94 38
19 82
8 30
96 8
45 43
47 20
57 34
58 69
67 98
27 31
79 0
26 57
71 38
59 30
81 4
18 91
1 77
85 36
77 86
2 43
72 82
19 54
8 4
96 75
36 59
57 69
78 30
37 4
67 46
48 88
27 44
11 62
26 22
40 82
69 54
91 30
59 4
18 77
85 86
72 54
43 88
32 62
55 59
36 89
78 4
28 88
40 54
91 4
56 83
9 62
44 59
80 42
21 88
74 62
55 89
90 83
13 81
63 76
53 42
17 62
44 89
99 65
66 78
93 17
3 81
13 50
73 2
63 42
76 39
64 65
99 78
66 30
60 56
86 2
94 93
93 81
3 50
73 15
67 27
23 78
31 39
76 87
49 97
25 57
64 78
60 2
82 37
8 24
33 39
39 87
18 51
1 37
85 7
77 84
67 3
31 87
96 97
49 35
41 90
22 51
95 37
82 62
27 90
8 76
26 83
33 87
18 37
1 62
85 84
28 72
11 52
52 90
91 24
55 70
59 76
22 37
30 20
62 12
74 99
32 52
70 10
38 90
44 70
28 17
11 56
75 19
30 12
6 70
74 52
32 56
94 66
24 41
17 52
92 19
75 9
47 23
79 68
65 40
71 66
14 41
25 29
73 26
68 14
89 9
94 41
24 7
92 9
45 23
47 38
58 29
67 0
79 40
65 51
71 41
14 7
25 5
81 98
72 34
19 69
8 98
96 18
45 38
57 29
58 5
67 61
27 36
26 1
40 34
59 98
81 46
18 75
1 99
85 28
77 71
2 38
72 69
19 70
8 46
96 63
36 22
57 5
78 98
37 46
28 15
48 16
27 86
26 53
40 69
69 70
91 98
59 46
7 88
80 45
21 15
43 16
55 22
36 66
78 46
28 16
53 45
91 46
56 88
44 22
80 21
21 16
13 95
90 88
68 62
73 47
63 45
53 21
99 81
66 50
86 47
93 58
3 95
13 0
73 43
63 21
76 2
64 81
99 50
66 98
60 47
86 43
94 85
8 27
93 95
33 56
39 2
1 97
77 30
67 91
23 50
31 2
76 15
96 6
49 82
64 50
60 43
95 97
82 35
8 3
33 2
39 15
18 97
1 35
85 30
77 4
67 77
11 79
96 82
49 54
41 84
36 83
22 97
95 35
27 84
26 88
32 79
18 35
85 4
42 83
28 32
48 58
11 13
52 84
91 3
55 83
22 35
30 90
87 83
74 79
32 13
70 62
38 84
44 83
28 58
24 65
92 71
75 33
6 83
63 10
74 13
73 94
89 33
94 65
24 78
17 13
92 33
75 6
47 41
79 19
65 9
51 97
71 65
14 78
25 39
68 56
89 6
94 78
19 29
45 41
47 7
57 14
58 39
67 51
79 9
71 78
25 87
81 61
85 64
72 29
19 5
8 61
96 80
45 7
57 39
58 87
67 37
48 20
27 28
26 72
40 29
69 5
91 0
59 61
81 10
18 63
85 24
2 7
72 5
43 20
8 10
55 1
36 53
78 61
37 10
28 20
48 12
27 71
40 5
26 17
91 61
59 10
7 16
80 48
21 20
43 12
74 54
55 53
36 65
78 10
28 12
53 48
56 16
17 54
44 53
80 14
66 95
21 12
3 68
90 16
13 40
73 23
63 48
53 14
99 95
66 0
86 23
93 68
3 40
13 51
73 38
67 8
31 47
76 43
49 34
25 60
64 95
99 0
60 23
86 38
8 91
93 40
33 47
39 43
1 82
77 98
67 75
23 0
31 43
76 20
96 34
49 69
60 38
95 82
82 54
27 30
8 77
26 15
33 43
39 20
18 82
1 54
85 98
77 46
11 59
96 69
52 30
41 4
36 88
22 82
95 54
27 4
26 16
32 59
38 30
18 54
85 46
42 88
28 44
48 68
80 62
11 89
35 54
52 4
91 77
55 88
75 76
30 84
87 88
53 62
74 59
32 89
38 4
44 88
24 81
29 83
0 62
92 76
75 42
6 88
63 62
74 89
25 56
68 13
73 93
89 42
94 81
24 50
17 89
92 42
45 65
47 78
58 56
79 33
65 6
71 81
14 50
25 2
94 50
19 39
8 51
45 78
47 30
57 56
58 2
67 97
79 6
71 50
59 51
81 37
18 80
85 27
72 39
19 87
8 37
96 74
36 72
57 2
78 51
67 35
48 90
27 24
40 39
26 32
69 87
91 51
59 37
81 62
18 49
85 3
72 87
43 90
32 70
55 72
36 17
78 37
37 62
28 90
27 76
40 87
26 58
91 37
56 20
7 12
9 70
80 52
21 90
74 70
55 17
13 19
63 99
53 52
56 12
17 70
44 17
92 46
80 56
66 40
3 19
90 12
13 9
73 41
63 52
53 56
76 23
64 68
99 40
66 51
60 66
86 41
93 19
3 9
73 7
67 18
31 23
76 38
49 29
25 26
64 40
99 51
60 41
86 7
82 69
8 75
93 9
33 23
39 38
18 34
1 69
85 0
77 61
67 63
31 38
96 29
49 5
41 98
22 34
95 69
82 70
27 98
26 20
8 99
33 38
18 69
1 70
85 61
77 10
11 22
96 5
52 98
41 46
91 75
55 15
36 16
22 69
95 70
27 46
26 12
74 57
32 22
38 98
44 15
42 16
28 86
35 70
11 66
52 46
20 88
55 16
75 45
30 4
6 15
87 16
74 22
32 66
38 46
44 16
94 58
24 95
29 88
92 45
75 21
6 16
79 76
71 58
14 95
25 47
73 85
68 89
89 21
94 95
24 0
92 21
45 81
47 50
58 47
67 6
79 42
65 34
71 95
14 0
25 43
81 97
72 56
19 2
8 97
45 50
57 47
58 43
67 82
26 31
59 97
81 35
18 74
85 91
72 2
19 15
8 35
96 25
36 32
57 43
78 97
37 35
28 7
48 84
27 3
11 83
40 2
26 44
69 15
91 97
59 35
7 90
85 77
80 79
21 7
43 84
32 83
55 32
36 58
78 35
28 84
91 35
56 90
9 83
80 13
21 84
74 83
55 58
13 33
68 70
73 65
89 10
63 79
53 13
17 83
92 10
44 58
99 19
66 9
86 65
93 71
3 33
13 6
73 78
63 13
76 41
64 19
99 9
66 97
60 65
86 78
8 18
93 33
3 6
1 29
77 51
67 80
31 41
76 7
96 14
49 39
64 9
60 78
95 29
82 5
8 63
33 41
39 7
18 29
1 5
85 51
77 37
67 49
11 1
31 7
96 39
49 87
41 61
36 20
22 29
95 5
82 83
27 61
26 90
33 7
18 5
85 37
42 20
11 53
52 61
41 10
91 63
55 20
36 12
22 5
30 98
87 20
27 10
74 1
32 53
38 61
46 10
44 20
42 12
28 71
52 10
20 16
55 12
92 77
75 48
30 46
6 20
87 12
63 54
74 53
38 10
44 12
94 68
29 16
24 40
92 48
75 14
6 12
79 45
65 21
71 68
14 40
25 23
73 64
68 66
89 14
94 40
19 47
45 95
47 0
57 89
58 23
67 34
79 21
71 40
25 38
81 82
72 47
19 43
8 82
45 0
57 23
58 38
67 69
27 91
40 47
26 36
91 6
59 82
81 54
18 25
85 75
77 99
72 43
43 30
8 54
96 60
55 31
36 44
78 82
37 54
28 30
48 4
27 77
11 88
40 43
26 86
91 82
59 54
7 84
5 88
80 59
21 30
43 4
32 88
55 44
36 68
78 54
28 4
56 84
17 87
9 88
75 62
80 89
21 4
74 88
3 76
90 84
13 42
68 83
73 81
89 62
63 59
53 89
17 88
92 62
99 33
66 6
86 81
93 76
3 42
13 34
73 50
63 89
31 65
76 78
49 56
64 33
99 6
60 81
86 50
8 80
93 42
33 65
1 39
77 97
67 74
23 6
31 78
76 30
96 56
49 2
64 6
60 50
95 39
82 87
27 51
8 49
26 7
33 78
39 30
18 39
1 87
85 97
77 35
11 72
96 2
52 51
41 37
36 90
22 39
95 87
27 37
26 84
18 87
85 35
42 90
28 24
80 70
11 17
52 37
41 62
91 49
55 90
75 99
22 87
30 61
87 90
53 70
74 72
32 17
70 83
38 37
46 62
44 90
24 19
29 20
20 12
0 70
92 99
75 52
30 10
6 90
63 70
74 17
94 19
29 12
24 9
93 46
92 52
45 68
79 48
65 14
71 19
14 9
25 41
94 9
19 23
45 40
47 51
57 66
58 41
67 29
79 14
71 9
25 7
81 69
72 23
19 38
8 69
96 73
57 41
67 5
48 98
27 75
26 28
40 23
91 34
59 69
81 70
18 60
85 63
72 38
43 98
8 70
55 36
36 86
78 69
37 70
28 98
48 46
27 99
11 16
26 71
40 38
91 69
7 4
5 16
80 22
21 98
43 46
74 15
32 16
55 86
28 46
34 88
63 57
56 4
17 15
9 16
44 86
80 66
66 42
21 46
74 16
3 45
13 21
90 4
73 95
68 88
63 22
53 66
76 81
17 16
64 76
99 42
66 34
60 58
86 95
79 62
93 45
3 21
73 0
31 81
76 50
49 47
64 42
99 34
60 95
86 0
8 74
93 21
33 81
18 56
1 2
85 6
77 82
67 25
23 34
31 50
96 47
49 43
41 97
22 56
95 2
82 15
27 97
26 30
8 57
33 50
18 2
1 15
85 82
77 54
11 32
96 43
52 97
41 35
55 7
36 84
22 2
95 15
27 35
26 4
74 26
44 7
42 84
28 3
80 83
11 58
52 35
20 90
55 84
54 83
75 79
30 37
6 7
87 84
53 83
74 32
32 58
38 35
44 84
24 33
29 90
0 83
3 10
92 79
75 13
30 62
6 84
63 83
25 65
94 33
24 6
93 10
92 13
45 19
47 9
58 65
79 52
65 56
71 33
14 6
25 78
19 41
8 29
45 9
57 65
58 78
67 39
59 29
81 5
72 41
19 7
8 5
96 94
36 28
57 78
78 29
67 87
48 61
27 63
11 20
40 41
26 24
91 29
59 5
81 83
18 26
85 49
80 1
43 61
32 20
55 28
36 71
78 5
28 61
48 10
11 12
91 5
56 98
7 46
9 20
5 12
80 53
21 61
43 10
74 20
32 12
55 71
73 68
28 10
34 16
63 1
56 46
17 20
9 12
44 71
92 54
99 45
66 21
86 68
88 16
74 12
93 77
3 48
90 46
13 14
68 16
73 40
63 53
76 95
17 12
64 45
99 21
66 29
60 68
86 40
93 48
3 14
1 47
77 34
67 55
31 95
76 0
96 89
49 23
64 21
60 40
95 47
8 25
33 95
39 0
18 47
1 43
85 34
77 69
67 60
31 0
96 23
49 38
41 82
36 30
22 47
95 43
82 20
27 82
26 98
33 0
18 43
85 69
42 30
11 44
52 82
41 54
55 30
36 4
22 43
27 54
26 46
74 31
32 44
38 82
44 30
42 4
28 77
80 88
11 68
52 54
20 84
55 4
54 88
13 62
75 59
30 35
6 30
87 4
63 87
53 88
74 44
38 54
44 4
97 83
94 76
24 42
29 84
0 88
3 62
92 59
75 89
6 4
63 88
71 76
25 81
73 8
64 10
94 42
24 34
93 62
45 33
47 6
58 81
67 56
79 13
71 42
14 34
25 50
81 39
72 65
19 78
8 39
45 6
57 81
58 50
67 2
59 39
81 87
85 74
72 78
19 30
8 87
96 93
55 64
36 24
78 39
28 51
48 37
27 49
11 90
40 78
26 3
91 39
59 87
7 61
5 90
80 72
21 51
43 37
32 90
55 24
36 76
78 87
28 37
48 62
91 87
56 61
7 10
9 90
75 70
80 17
21 37
43 62
74 90
3 99
68 20
73 19
34 12
89 70
63 72
53 17
56 10
17 90
92 70
99 48
66 14
86 19
88 12
93 99
3 52
13 56
90 10
73 9
68 12
63 17
31 68
76 40
49 66
64 48
99 14
60 19
86 9
93 52
1 23
77 29
67 73
31 40
76 51
96 66
49 41
64 14
60 9
95 23
27 34
26 0
8 60
33 40
39 51
18 23
1 38
85 29
77 5
67 26
11 36
96 41
52 34
41 69
36 98
22 23
95 38
27 69
26 61
18 38
85 5
42 98
11 86
52 69
41 70
55 98
36 46
22 38
53 15
74 36
32 86
38 69
44 98
42 46
83 88
80 16
29 30
24 45
20 4
0 15
55 46
54 16
92 57
75 22
30 54
6 98
87 46
63 15
53 16
74 86
44 46
97 88
99 62
94 45
29 4
24 21
0 16
93 35
92 22
75 66
6 46
63 16
23 62
79 59
71 45
25 95
64 62
94 21
19 81
4 62
45 42
47 34
57 58
58 95
67 47
79 89
71 21
25 0
81 2
72 81
19 50
8 2
45 34
57 95
58 0
67 43
48 97
91 56
59 2
81 15
18 93
85 25
72 50
43 97
8 15
55 27
36 3
78 2
28 97
48 35
27 57
11 84
40 50
26 77
91 2
59 15
7 37
5 84
80 32
21 97
43 35
74 7
32 84
55 3
78 15
28 35
34 90
50 83
56 37
7 62
17 7
9 84
75 83
80 58
21 35
74 84
3 79
73 33
68 90
89 83
63 32
94 10
53 58
76 19
56 62
17 84
92 83
64 99
99 52
66 56
60 71
86 33
79 70
71 10
93 79
3 13
90 62
73 6
31 19
76 9
49 65
64 52
99 56
60 33
86 6
93 13
18 66
1 41
85 14
77 39
67 94
31 9
96 65
49 78
41 29
22 66
95 41
82 7
27 29
8 26
26 51
33 9
18 41
1 7
85 39
77 87
11 28
96 78
52 29
41 5
55 0
36 61
22 41
95 7
27 5
26 37
44 0
42 61
80 20
11 71
52 5
55 61
36 10
75 1
6 0
87 61
53 20
74 28
32 71
38 5
44 61
42 10
83 16
80 12
29 98
24 48
20 46
0 20
54 12
92 1
75 53
30 70
6 61
87 10
63 20
53 12
74 71
25 68
97 16
94 48
29 46
24 14
0 12
93 54
92 53
58 68
63 12
79 22
71 48
25 40
94 14
19 95
8 47
45 21
47 29
57 68
58 40
67 23
79 66
71 14
59 47
81 43
72 95
19 0
8 43
57 40
67 38
48 82
11 30
26 75
91 47
59 43
81 20
18 85
85 60
80 31
72 0
43 82
32 30
55 91
36 77
78 43
37 20
28 82
48 54
11 4
40 0
91 43
56 97
7 35
9 30
5 4
80 44
21 82
43 54
74 30
32 4
55 77
28 54
34 84
50 88
24 62
56 35
17 30
9 4
92 87
75 88
99 79
86 76
21 54
74 4
65 83
14 62
93 49
3 59
13 89
68 84
73 42
89 88
63 44
94 62
76 33
17 4
61 83
92 88
64 79
99 13
66 47
60 76
86 42
79 83
71 62
93 59
3 89
31 33
76 6
96 17
49 81
64 13
60 42
8 94
18 65
1 78
85 56
77 2
67 93
31 6
96 81
49 50
41 39
22 65
95 78
82 30
27 39
26 97
8 31
33 6
18 78
85 2
11 24
52 39
41 87
55 51
36 37
22 78
27 87
26 35
74 64
44 51
42 37
80 90
11 76
52 87
55 37
36 62
75 72
30 5
6 51
87 37
53 90
74 24
32 76
38 87
44 37
97 20
83 12
94 99
29 61
24 52
20 10
0 90
3 70
92 72
75 17
6 37
63 90
25 19
97 12
94 52
24 56
29 10
93 70
92 17
45 48
58 19
67 66
79 53
71 52
14 56
25 9
81 23
72 68
19 40
8 23
45 14
57 19
58 9
67 41
59 23
81 38
72 40
19 51
8 38
55 8
57 9
28 34
48 69
27 60
11 98
26 63
91 23
59 38
5 98
80 36
21 34
43 69
32 98
55 75
36 99
78 38
28 69
48 70
11 46
91 38
56 82
7 54
9 98
5 46
75 15
80 86
21 69
43 70
74 98
32 46
51 88
68 30
73 45
34 4
89 15
50 16
63 36
56 54
17 98
9 46
92 15
75 16
99 59
86 45
74 46
65 88
93 57
3 22
90 54
13 66
68 4
73 21
89 16
63 86
31 76
76 42
17 46
61 88
92 16
45 62
64 59
99 89
60 45
86 21
79 88
93 22
1 81
2 62
77 47
31 42
76 34
96 58
49 95
64 89
60 21
8 93
33 42
18 81
1 50
85 47
77 43
67 85
11 27
96 95
41 2
36 97
22 81
95 50
27 2
26 82
18 50
85 43
42 97
11 3
52 2
41 15
55 97
36 35
22 50
26 54
74 27
44 97
42 35
28 57
80 84
24 79
29 51
55 35
54 84
13 83
92 26
75 32
30 87
6 97
87 35
63 7
53 84
74 3
44 35
97 90
94 79
24 13
29 37
20 62
0 84
3 83
92 32
75 58
6 35
63 84
25 33
64 70
60 10
94 13
93 83
45 52
57 71
58 33
67 65
79 17
71 13
25 6
81 41
72 19
19 9
8 41
45 56
57 33
58 6
67 78
48 29
91 66
59 41
81 7
72 9
8 7
55 18
28 29
48 5
27 26
11 61
40 9
26 49
91 41
59 7
7 69
5 61
80 28
21 29
43 5
74 0
32 61
55 63
78 7
28 5
34 98
50 20
11 10
56 69
7 70
17 0
9 61
5 10
75 20
80 71
21 5
74 61
32 10
51 16
68 98
73 48
34 46
89 20
50 12
63 28
94 54
56 70
17 61
9 10
92 20
75 12
64 57
99 22
86 48
79 15
65 16
71 54
93 1
3 53
90 70
73 14
68 46
89 12
31 45
76 21
49 68
61 16
92 12
64 22
99 66
60 48
86 14
79 16
93 53
1 95
77 23
31 21
76 29
96 68
49 40
22 58
27 47
26 34
8 85
33 21
18 95
1 0
85 23
77 38
11 91
96 40
52 47
41 43
36 82
22 95
95 0
27 43
26 69
85 38
42 82
80 30
11 77
52 43
41 20
55 82
36 54
75 31
53 30
74 91
44 82
42 54
80 4
24 59
29 97
20 35
0 30
55 54
54 4
13 88
92 31
75 44
30 15
73 62
6 82
87 54
63 30
53 4
74 77
25 76
44 54
97 84
99 83
86 62
94 59
29 35
24 89
0 4
93 87
3 88
92 44
63 4
23 83
25 42
64 83
60 62
94 89
19 33
4 83
8 65
93 88
45 13
57 76
58 42
67 81
79 58
71 89
59 65
81 78
72 33
19 6
8 78
57 42
67 50
48 39
11 51
91 65
59 78
81 30
72 6
32 51
55 80
36 49
28 39
48 87
11 37
40 6
91 78
56 29
7 5
9 51
5 37
80 24
21 39
43 87
74 51
32 37
55 49
28 87
34 61
50 90
56 5
7 83
17 51
9 37
5 62
92 38
75 90
80 76
21 87
74 37
65 20
51 12
14 70
3 72
73 52
68 61
34 10
89 90
63 24
94 70
76 48
17 37
61 20
92 90
64 1
99 53
66 65
60 99
86 52
88 10
79 20
65 12
71 70
93 72
3 17
73 56
68 10
31 48
76 14
49 19
61 12
64 53
57 46
60 52
86 56
79 12
18 68
1 40
85 66
77 41
31 14
96 19
49 9
22 68
95 40
27 23
26 29
8 64
33 14
18 40
1 51
85 41
77 7
11 75
96 9
52 23
41 38
55 34
36 69
22 40
95 51
27 38
26 5
44 34
42 69
80 98
11 99
52 38
55 69
36 70
75 36
6 34
53 98
74 75
32 99
44 69
42 70
80 46
66 88
94 57
24 22
29 82
20 54
0 98
54 46
3 15
13 16
92 36
75 86
6 69
87 70
63 98
53 46
98 88
25 45
97 4
99 88
94 22
29 54
24 66
0 46
93 15
3 16
92 86
67 58
63 46
23 88
31 62
71 22
25 21
64 88
72 76
19 42
4 88
8 81
93 16
33 62
45 89
57 45
58 21
67 95
59 81
81 50
72 42
19 34
8 50
57 21
28 56
48 2
11 97
91 81
59 50
80 27
21 56
32 97
55 74
36 57
78 50
28 2
48 15
11 35
91 50
56 39
7 87
9 97
5 35
75 7
80 3
21 2
43 15
74 97
32 35
51 90
55 57
68 51
73 79
34 37
89 7
50 84
24 83
56 87
17 97
9 35
92 7
75 84
74 35
65 90
14 83
93 26
3 32
73 13
68 37
34 62
89 84
63 3
94 83
76 52
17 35
61 90
92 84
45 70
64 72
99 17
66 81
60 79
86 13
88 62
79 90
71 83
93 32
3 58
1 19
2 70
77 65
31 52
76 56
96 71
49 33
64 17
57 10
60 13
18 19
1 9
85 65
77 78
67 96
11 18
31 56
96 33
49 6
36 29
22 19
95 9
27 41
26 39
18 9
85 78
42 29
11 63
52 41
41 7
55 29
36 5
22 9
27 7
26 87
44 29
42 5
80 61
24 1
52 7
55 5
13 20
92 85
75 28
6 29
63 0
53 61
74 63
38 7
44 5
97 98
83 46
80 10
66 16
94 1
29 69
24 53
20 70
0 61
54 10
3 20
13 12
92 28
75 71
6 5
63 61
53 10
98 16
25 48
97 46
64 15
99 16
60 54
94 53
29 70
0 10
93 20
3 12
57 77
67 68
23 16
79 86
71 53
25 14
81 95
64 16
72 45
19 21
4 16
8 95
93 12
45 66
57 48
58 14
67 40
48 47
91 58
59 95
81 0
72 21
8 0
28 47
48 43
11 82
91 95
59 0
80 91
21 47
74 6
32 82
55 25
36 1
78 0
28 43
34 97
11 54
56 2
7 15
17 6
9 82
5 54
75 30
80 77
21 43
74 82
32 54
51 84
73 59
68 97
34 35
89 30
50 4
24 88
56 15
17 82
9 54
92 30
75 4
86 59
79 7
65 84
71 87
14 88
93 31
3 44
25 62
73 89
68 35
89 4
84 83
63 77
94 88
31 79
76 13
49 76
61 84
92 4
45 83
64 32
99 58
58 62
60 59
86 89
79 84
71 88
93 44
1 33
2 83
77 81
31 13
76 47
96 76
49 42
57 62
64 58
60 89
27 65
40 10
26 56
18 33
1 6
85 81
77 50
11 80
96 42
52 65
41 78
36 39
22 33
95 6
27 78
26 2
18 6
85 50
42 39
80 51
11 49
52 78
41 30
55 39
36 87
22 6
53 51
44 39
42 87
80 37
24 72
0 51
55 87
13 90
92 64
75 24
73 70
6 39
63 51
53 37
74 49
44 87
97 61
83 10
99 20
66 12
86 70
94 72
24 17
29 5
20 83
0 37
54 62
93 38
3 90
92 24
6 87
63 37
23 20
98 12
25 52
97 10
64 20
99 12
60 70
94 17
93 90
57 99
58 52
67 19
23 12
79 71
71 17
96 46
59 68
10 16
81 40
64 12
72 48
19 14
8 40
4 12
57 52
67 9
48 23
91 68
59 40
81 51
72 14
28 23
48 38
11 69
91 40
56 47
9 34
80 75
21 23
43 38
74 34
32 69
55 60
28 38
34 82
50 98
11 70
56 43
7 20
17 34
9 69
5 70
75 98
80 99
21 38
74 69
51 4
68 82
73 22
34 54
89 98
50 46
94 15
24 16
17 69
92 98
75 46
47 88
64 31
99 44
60 57
86 22
79 30
65 4
71 15
14 16
93 36
3 86
73 66
68 54
89 46
84 88
94 16
31 59
76 89
49 45
61 4
45 88
64 44
99 68
60 22
86 66
79 4
71 16
93 86
18 76
1 42
85 58
2 88
77 95
72 62
31 89
96 45
49 21
22 76
27 81
26 47
40 62
18 42
1 34
85 95
77 0
11 74
96 21
52 81
41 50
55 56
36 2
22 42
95 34
27 50
26 43
44 56
42 2
80 97
11 57
52 50
55 2
36 15
53 97
44 2
42 15
80 35
66 90
94 26
24 32
29 39
0 97
3 7
13 84
92 27
75 3
73 83
6 2
87 15
63 97
53 35
98 90
25 79
97 37
83 62
99 90
86 83
94 32
24 58
29 87
0 35
93 7
3 84
92 3
63 35
23 90
31 70
49 10
25 13
97 62
